{
 "cells": [
  {
   "cell_type": "code",
   "execution_count": 1,
   "id": "5b5371fa",
   "metadata": {
    "scrolled": false
   },
   "outputs": [
    {
     "name": "stderr",
     "output_type": "stream",
     "text": [
      "pybullet build time: May 20 2022 19:44:17\n"
     ]
    }
   ],
   "source": [
    "import pybullet as p\n",
    "import numpy as np\n",
    "import json\n",
    "import open3d as o3d\n",
    "import matplotlib.pyplot as plt\n",
    "from mpl_toolkits.mplot3d import Axes3D\n",
    "import sys\n",
    "import time\n",
    "\n",
    "sys.path.append(\"../\")\n",
    "from env.ycb_scene import SimulatedYCBEnv\n",
    "from utils.utils import *\n",
    "from utils.planner import GraspPlanner"
   ]
  },
  {
   "cell_type": "markdown",
   "id": "f5794e74",
   "metadata": {},
   "source": [
    "# Use slidebar to control the robot"
   ]
  },
  {
   "cell_type": "code",
   "execution_count": 2,
   "id": "3cb94237",
   "metadata": {},
   "outputs": [
    {
     "name": "stdout",
     "output_type": "stream",
     "text": [
      "startThreads creating 1 threads.\n",
      "starting thread 0\n",
      "started thread 0 \n",
      "argc=2\n",
      "argv[0] = --unused\n",
      "argv[1] = --start_demo_name=Physics Server\n",
      "ExampleBrowserThreadFunc started\n",
      "X11 functions dynamically loaded using dlopen/dlsym OK!\n",
      "X11 functions dynamically loaded using dlopen/dlsym OK!\n",
      "Creating context\n",
      "Created GL 3.3 context\n",
      "Direct GLX rendering context obtained\n",
      "Making context current\n",
      "GL_VENDOR=NVIDIA Corporation\n",
      "GL_RENDERER=NVIDIA GeForce GTX 1080 Ti/PCIe/SSE2\n",
      "GL_VERSION=3.3.0 NVIDIA 525.147.05\n",
      "GL_SHADING_LANGUAGE_VERSION=3.30 NVIDIA via Cg compiler\n",
      "pthread_getconcurrency()=0\n",
      "Version = 3.3.0 NVIDIA 525.147.05\n",
      "Vendor = NVIDIA Corporation\n",
      "Renderer = NVIDIA GeForce GTX 1080 Ti/PCIe/SSE2\n",
      "b3Printf: Selected demo: Physics Server\n",
      "startThreads creating 1 threads.\n",
      "starting thread 0\n",
      "started thread 0 \n",
      "MotionThreadFunc thread started\n",
      "numActiveThreads = 0\n",
      "stopping threads\n",
      "destroy semaphore\n",
      "semaphore destroyed\n",
      "Thread with taskId 0 exiting\n",
      "Thread TERMINATED\n",
      "destroy main semaphore\n",
      "main semaphore destroyed\n",
      "finished\n",
      "numActiveThreads = 0\n",
      "btShutDownExampleBrowser stopping threads\n",
      "Thread with taskId 0 exiting\n",
      "Thread TERMINATED\n",
      "destroy semaphore\n",
      "semaphore destroyed\n",
      "destroy main semaphore\n",
      "main semaphore destroyed\n",
      "startThreads creating 1 threads.\n",
      "starting thread 0\n",
      "started thread 0 \n",
      "argc=2\n",
      "argv[0] = --unused\n",
      "argv[1] = --start_demo_name=Physics Server\n",
      "ExampleBrowserThreadFunc started\n",
      "X11 functions dynamically loaded using dlopen/dlsym OK!\n",
      "X11 functions dynamically loaded using dlopen/dlsym OK!\n",
      "Creating context\n",
      "Created GL 3.3 context\n",
      "Direct GLX rendering context obtained\n",
      "Making context current\n",
      "GL_VENDOR=NVIDIA Corporation\n",
      "GL_RENDERER=NVIDIA GeForce GTX 1080 Ti/PCIe/SSE2\n",
      "GL_VERSION=3.3.0 NVIDIA 525.147.05\n",
      "GL_SHADING_LANGUAGE_VERSION=3.30 NVIDIA via Cg compiler\n",
      "pthread_getconcurrency()=0\n",
      "Version = 3.3.0 NVIDIA 525.147.05\n",
      "Vendor = NVIDIA Corporation\n",
      "Renderer = NVIDIA GeForce GTX 1080 Ti/PCIe/SSE2\n",
      "b3Printf: Selected demo: Physics Server\n",
      "startThreads creating 1 threads.\n",
      "starting thread 0\n",
      "started thread 0 \n",
      "MotionThreadFunc thread started\n",
      "ven = NVIDIA Corporation\n",
      "ven = NVIDIA Corporation\n",
      "/home/user/contact_graspnet_ws/src/contact-graspnet-ros/env/models\n",
      "b3Printf: b3Warning[examples/Importers/ImportURDFDemo/BulletUrdfImporter.cpp,126]:\n",
      "\n",
      "b3Printf: No inertial data for link, using mass=1, localinertiadiagonal = 1,1,1, identity local inertial frame\n",
      "target_fixed7878787878787878 False\n",
      "b3Printf: b3Warning[examples/Importers/ImportURDFDemo/BulletUrdfImporter.cpp,126]:\n",
      "\n",
      "b3Printf: base\n",
      "self._objectUids: [4]\n",
      "single_release： False\n",
      ">>>> target name: 025_mug_1.0\n",
      "urdfList(object number): 1\n",
      "[4, 0, 1]\n",
      "Joint: [0.20000028610229492, -1.2500001192092896, 2.4800000190734863, -0.40000009536743164, 1.571000099182129, 0.0]\n",
      "ef in world frame: [[-1.98501138e-01  7.24236727e-01  6.60362371e-01  1.06876552e-01]\n",
      " [ 9.80100449e-01  1.46241454e-01  1.34225732e-01 -9.29449424e-02]\n",
      " [ 6.38851591e-04  6.73865417e-01 -7.38853837e-01 -2.43662164e-01]\n",
      " [ 0.00000000e+00  0.00000000e+00  0.00000000e+00  1.00000000e+00]]\n",
      "Joint: [0.6448526382446289, -1.2500001192092896, 2.4800000190734863, -0.40000009536743164, 1.571000099182129, 0.0]\n",
      "ef in world frame: [[-0.62461094  0.5728989   0.53070521  0.13226344]\n",
      " [ 0.78090903  0.46385897  0.41834907 -0.01170702]\n",
      " [-0.00650065  0.6757379  -0.73711331 -0.24380353]\n",
      " [ 0.          0.          0.          1.        ]]\n",
      "Joint: [0.09920787811279297, -1.2500001192092896, 2.4800000190734863, -0.40000009536743164, 1.571000099182129, 0.0]\n",
      "ef in world frame: [[-0.15090337  0.73071936  0.6657908   0.10301989]\n",
      " [ 0.98852429  0.10682756  0.10680635 -0.09927974]\n",
      " [ 0.00692066  0.67426782 -0.73845448 -0.24404941]\n",
      " [ 0.          0.          0.          1.        ]]\n",
      "Joint: [0.09920787811279297, -1.2500001192092896, 2.4800000190734863, -0.40000009536743164, 1.571000099182129, 0.0]\n",
      "ef in world frame: [[-9.92967366e-02  7.34319402e-01  6.71502177e-01  9.67654139e-02]\n",
      " [ 9.95057843e-01  7.31312370e-02  6.71692690e-02 -1.08248107e-01]\n",
      " [ 2.15912637e-04  6.74853197e-01 -7.37951974e-01 -2.43951708e-01]\n",
      " [ 0.00000000e+00  0.00000000e+00  0.00000000e+00  1.00000000e+00]]\n",
      "Joint: [0.09920787811279297, -1.2500001192092896, 2.4800000190734863, -0.40000009536743164, 1.571000099182129, 0.0]\n",
      "ef in world frame: [[-9.91834231e-02  7.34304582e-01  6.71535128e-01  9.67482105e-02]\n",
      " [ 9.95069156e-01  7.30882887e-02  6.70483164e-02 -1.08273670e-01]\n",
      " [ 1.52532639e-04  6.74873975e-01 -7.37932988e-01 -2.43948102e-01]\n",
      " [ 0.00000000e+00  0.00000000e+00  0.00000000e+00  1.00000000e+00]]\n",
      "Joint: [0.09920787811279297, -1.2500001192092896, 2.4800000190734863, -0.40000009536743164, 1.571000099182129, 0.0]\n",
      "ef in world frame: [[-9.91834161e-02  7.34304356e-01  6.71535378e-01  9.67481881e-02]\n",
      " [ 9.95069157e-01  7.30884388e-02  6.70481418e-02 -1.08273715e-01]\n",
      " [ 1.52270194e-04  6.74874206e-01 -7.37932777e-01 -2.43948072e-01]\n",
      " [ 0.00000000e+00  0.00000000e+00  0.00000000e+00  1.00000000e+00]]\n",
      "Joint: [0.09920787811279297, -1.2500001192092896, 2.4800000190734863, -0.40000009536743164, 1.571000099182129, 0.0]\n",
      "ef in world frame: [[-9.91834161e-02  7.34304356e-01  6.71535378e-01  9.67481881e-02]\n",
      " [ 9.95069157e-01  7.30884388e-02  6.70481418e-02 -1.08273715e-01]\n",
      " [ 1.52270194e-04  6.74874206e-01 -7.37932777e-01 -2.43948072e-01]\n",
      " [ 0.00000000e+00  0.00000000e+00  0.00000000e+00  1.00000000e+00]]\n",
      "Joint: [0.09920787811279297, -1.2500001192092896, 2.4800000190734863, -0.40000009536743164, 1.571000099182129, 0.0]\n",
      "ef in world frame: [[-9.91834161e-02  7.34304356e-01  6.71535378e-01  9.67481881e-02]\n",
      " [ 9.95069157e-01  7.30884388e-02  6.70481418e-02 -1.08273715e-01]\n",
      " [ 1.52270194e-04  6.74874206e-01 -7.37932777e-01 -2.43948072e-01]\n",
      " [ 0.00000000e+00  0.00000000e+00  0.00000000e+00  1.00000000e+00]]\n",
      "Joint: [0.09920787811279297, -1.2500001192092896, 2.4800000190734863, -0.40000009536743164, 1.571000099182129, 0.0]\n",
      "ef in world frame: [[-9.91834161e-02  7.34304356e-01  6.71535378e-01  9.67481881e-02]\n",
      " [ 9.95069157e-01  7.30884388e-02  6.70481418e-02 -1.08273715e-01]\n",
      " [ 1.52270194e-04  6.74874206e-01 -7.37932777e-01 -2.43948072e-01]\n",
      " [ 0.00000000e+00  0.00000000e+00  0.00000000e+00  1.00000000e+00]]\n",
      "Joint: [0.09920787811279297, -1.2500001192092896, 2.4800000190734863, -0.40000009536743164, 1.571000099182129, 0.0]\n",
      "ef in world frame: [[-9.91834161e-02  7.34304356e-01  6.71535378e-01  9.67481881e-02]\n",
      " [ 9.95069157e-01  7.30884388e-02  6.70481418e-02 -1.08273715e-01]\n",
      " [ 1.52270194e-04  6.74874206e-01 -7.37932777e-01 -2.43948072e-01]\n",
      " [ 0.00000000e+00  0.00000000e+00  0.00000000e+00  1.00000000e+00]]\n",
      "Joint: [0.09920787811279297, -1.2500001192092896, 2.4800000190734863, -0.40000009536743164, 1.571000099182129, 0.0]\n",
      "ef in world frame: [[-9.91834161e-02  7.34304356e-01  6.71535378e-01  9.67481881e-02]\n",
      " [ 9.95069157e-01  7.30884388e-02  6.70481418e-02 -1.08273715e-01]\n",
      " [ 1.52270194e-04  6.74874206e-01 -7.37932777e-01 -2.43948072e-01]\n",
      " [ 0.00000000e+00  0.00000000e+00  0.00000000e+00  1.00000000e+00]]\n",
      "Joint: [0.09920787811279297, -1.2500001192092896, 2.4800000190734863, -0.40000009536743164, 1.571000099182129, 0.0]\n",
      "ef in world frame: [[-9.91834161e-02  7.34304356e-01  6.71535378e-01  9.67481881e-02]\n",
      " [ 9.95069157e-01  7.30884388e-02  6.70481418e-02 -1.08273715e-01]\n",
      " [ 1.52270194e-04  6.74874206e-01 -7.37932777e-01 -2.43948072e-01]\n",
      " [ 0.00000000e+00  0.00000000e+00  0.00000000e+00  1.00000000e+00]]\n",
      "Joint: [0.09920787811279297, -1.2500001192092896, 2.4800000190734863, -0.40000009536743164, 1.571000099182129, 0.0]\n",
      "ef in world frame: [[-9.91834161e-02  7.34304356e-01  6.71535378e-01  9.67481881e-02]\n",
      " [ 9.95069157e-01  7.30884388e-02  6.70481418e-02 -1.08273715e-01]\n",
      " [ 1.52270194e-04  6.74874206e-01 -7.37932777e-01 -2.43948072e-01]\n",
      " [ 0.00000000e+00  0.00000000e+00  0.00000000e+00  1.00000000e+00]]\n",
      "Joint: [0.09920787811279297, -1.2500001192092896, 2.4800000190734863, -0.40000009536743164, 1.571000099182129, 0.0]\n",
      "ef in world frame: [[-9.91834161e-02  7.34304356e-01  6.71535378e-01  9.67481881e-02]\n",
      " [ 9.95069157e-01  7.30884388e-02  6.70481418e-02 -1.08273715e-01]\n",
      " [ 1.52270194e-04  6.74874206e-01 -7.37932777e-01 -2.43948072e-01]\n",
      " [ 0.00000000e+00  0.00000000e+00  0.00000000e+00  1.00000000e+00]]\n",
      "Joint: [0.09920787811279297, -1.2500001192092896, 2.4800000190734863, -0.40000009536743164, 1.571000099182129, 0.0]\n",
      "ef in world frame: [[-9.91834161e-02  7.34304356e-01  6.71535378e-01  9.67481881e-02]\n",
      " [ 9.95069157e-01  7.30884388e-02  6.70481418e-02 -1.08273715e-01]\n",
      " [ 1.52270194e-04  6.74874206e-01 -7.37932777e-01 -2.43948072e-01]\n",
      " [ 0.00000000e+00  0.00000000e+00  0.00000000e+00  1.00000000e+00]]\n",
      "Joint: [0.09920787811279297, -1.2500001192092896, 2.4800000190734863, -0.40000009536743164, 1.571000099182129, 0.0]\n",
      "ef in world frame: [[-9.91834161e-02  7.34304356e-01  6.71535378e-01  9.67481881e-02]\n",
      " [ 9.95069157e-01  7.30884388e-02  6.70481418e-02 -1.08273715e-01]\n",
      " [ 1.52270194e-04  6.74874206e-01 -7.37932777e-01 -2.43948072e-01]\n",
      " [ 0.00000000e+00  0.00000000e+00  0.00000000e+00  1.00000000e+00]]\n",
      "Joint: [0.09920787811279297, -1.2500001192092896, 2.4800000190734863, -0.40000009536743164, 1.571000099182129, 0.0]\n",
      "ef in world frame: [[-9.91834161e-02  7.34304356e-01  6.71535378e-01  9.67481881e-02]\n",
      " [ 9.95069157e-01  7.30884388e-02  6.70481418e-02 -1.08273715e-01]\n",
      " [ 1.52270194e-04  6.74874206e-01 -7.37932777e-01 -2.43948072e-01]\n",
      " [ 0.00000000e+00  0.00000000e+00  0.00000000e+00  1.00000000e+00]]\n",
      "Joint: [0.09920787811279297, -1.2500001192092896, 2.4800000190734863, -0.40000009536743164, 1.571000099182129, 0.0]\n",
      "ef in world frame: [[-9.91834161e-02  7.34304356e-01  6.71535378e-01  9.67481881e-02]\n",
      " [ 9.95069157e-01  7.30884388e-02  6.70481418e-02 -1.08273715e-01]\n",
      " [ 1.52270194e-04  6.74874206e-01 -7.37932777e-01 -2.43948072e-01]\n",
      " [ 0.00000000e+00  0.00000000e+00  0.00000000e+00  1.00000000e+00]]\n",
      "Joint: [0.09920787811279297, -1.2500001192092896, 2.4800000190734863, -0.40000009536743164, 1.571000099182129, 0.0]\n",
      "ef in world frame: [[-9.91834161e-02  7.34304356e-01  6.71535378e-01  9.67481881e-02]\n",
      " [ 9.95069157e-01  7.30884388e-02  6.70481418e-02 -1.08273715e-01]\n",
      " [ 1.52270194e-04  6.74874206e-01 -7.37932777e-01 -2.43948072e-01]\n",
      " [ 0.00000000e+00  0.00000000e+00  0.00000000e+00  1.00000000e+00]]\n",
      "Joint: [0.09920787811279297, -1.2500001192092896, 2.4800000190734863, -0.40000009536743164, 1.571000099182129, 0.0]\n",
      "ef in world frame: [[-9.91834161e-02  7.34304356e-01  6.71535378e-01  9.67481881e-02]\n",
      " [ 9.95069157e-01  7.30884388e-02  6.70481418e-02 -1.08273715e-01]\n",
      " [ 1.52270194e-04  6.74874206e-01 -7.37932777e-01 -2.43948072e-01]\n",
      " [ 0.00000000e+00  0.00000000e+00  0.00000000e+00  1.00000000e+00]]\n",
      "Joint: [0.09920787811279297, -1.2500001192092896, 2.4800000190734863, -0.40000009536743164, 1.571000099182129, 0.0]\n",
      "ef in world frame: [[-9.91834161e-02  7.34304356e-01  6.71535378e-01  9.67481881e-02]\n",
      " [ 9.95069157e-01  7.30884388e-02  6.70481418e-02 -1.08273715e-01]\n",
      " [ 1.52270194e-04  6.74874206e-01 -7.37932777e-01 -2.43948072e-01]\n",
      " [ 0.00000000e+00  0.00000000e+00  0.00000000e+00  1.00000000e+00]]\n",
      "Joint: [0.09920787811279297, -1.2500001192092896, 2.4800000190734863, -0.40000009536743164, 1.571000099182129, 0.0]\n",
      "ef in world frame: [[-9.91834161e-02  7.34304356e-01  6.71535378e-01  9.67481881e-02]\n",
      " [ 9.95069157e-01  7.30884388e-02  6.70481418e-02 -1.08273715e-01]\n",
      " [ 1.52270194e-04  6.74874206e-01 -7.37932777e-01 -2.43948072e-01]\n",
      " [ 0.00000000e+00  0.00000000e+00  0.00000000e+00  1.00000000e+00]]\n",
      "Joint: [0.09920787811279297, -1.2500001192092896, 2.4800000190734863, -0.40000009536743164, 1.571000099182129, 0.0]\n",
      "ef in world frame: [[-9.91834161e-02  7.34304356e-01  6.71535378e-01  9.67481881e-02]\n",
      " [ 9.95069157e-01  7.30884388e-02  6.70481418e-02 -1.08273715e-01]\n",
      " [ 1.52270194e-04  6.74874206e-01 -7.37932777e-01 -2.43948072e-01]\n",
      " [ 0.00000000e+00  0.00000000e+00  0.00000000e+00  1.00000000e+00]]\n",
      "Joint: [0.09920787811279297, -1.2500001192092896, 2.4800000190734863, -0.40000009536743164, 1.571000099182129, 0.0]\n",
      "ef in world frame: [[-9.91834161e-02  7.34304356e-01  6.71535378e-01  9.67481881e-02]\n",
      " [ 9.95069157e-01  7.30884388e-02  6.70481418e-02 -1.08273715e-01]\n",
      " [ 1.52270194e-04  6.74874206e-01 -7.37932777e-01 -2.43948072e-01]\n",
      " [ 0.00000000e+00  0.00000000e+00  0.00000000e+00  1.00000000e+00]]\n",
      "Joint: [0.09920787811279297, -1.2500001192092896, 2.4800000190734863, -0.40000009536743164, 1.571000099182129, 0.0]\n",
      "ef in world frame: [[-9.91834161e-02  7.34304356e-01  6.71535378e-01  9.67481881e-02]\n",
      " [ 9.95069157e-01  7.30884388e-02  6.70481418e-02 -1.08273715e-01]\n",
      " [ 1.52270194e-04  6.74874206e-01 -7.37932777e-01 -2.43948072e-01]\n",
      " [ 0.00000000e+00  0.00000000e+00  0.00000000e+00  1.00000000e+00]]\n",
      "Joint: [0.09920787811279297, -1.2500001192092896, 2.4800000190734863, -0.40000009536743164, 1.571000099182129, 0.0]\n",
      "ef in world frame: [[-9.91834161e-02  7.34304356e-01  6.71535378e-01  9.67481881e-02]\n",
      " [ 9.95069157e-01  7.30884388e-02  6.70481418e-02 -1.08273715e-01]\n",
      " [ 1.52270194e-04  6.74874206e-01 -7.37932777e-01 -2.43948072e-01]\n",
      " [ 0.00000000e+00  0.00000000e+00  0.00000000e+00  1.00000000e+00]]\n",
      "Joint: [0.09920787811279297, -1.2500001192092896, 2.4800000190734863, -0.40000009536743164, 1.571000099182129, 0.0]\n",
      "ef in world frame: [[-9.91834161e-02  7.34304356e-01  6.71535378e-01  9.67481881e-02]\n",
      " [ 9.95069157e-01  7.30884388e-02  6.70481418e-02 -1.08273715e-01]\n",
      " [ 1.52270194e-04  6.74874206e-01 -7.37932777e-01 -2.43948072e-01]\n",
      " [ 0.00000000e+00  0.00000000e+00  0.00000000e+00  1.00000000e+00]]\n",
      "Joint: [0.09920787811279297, -1.2500001192092896, 2.4800000190734863, -0.40000009536743164, 1.571000099182129, 0.0]\n",
      "ef in world frame: [[-9.91834161e-02  7.34304356e-01  6.71535378e-01  9.67481881e-02]\n",
      " [ 9.95069157e-01  7.30884388e-02  6.70481418e-02 -1.08273715e-01]\n",
      " [ 1.52270194e-04  6.74874206e-01 -7.37932777e-01 -2.43948072e-01]\n",
      " [ 0.00000000e+00  0.00000000e+00  0.00000000e+00  1.00000000e+00]]\n",
      "Joint: [0.09920787811279297, -1.2500001192092896, 2.4800000190734863, -0.40000009536743164, 1.571000099182129, 0.0]\n",
      "ef in world frame: [[-9.91834161e-02  7.34304356e-01  6.71535378e-01  9.67481881e-02]\n",
      " [ 9.95069157e-01  7.30884388e-02  6.70481418e-02 -1.08273715e-01]\n",
      " [ 1.52270194e-04  6.74874206e-01 -7.37932777e-01 -2.43948072e-01]\n",
      " [ 0.00000000e+00  0.00000000e+00  0.00000000e+00  1.00000000e+00]]\n",
      "Joint: [0.09920787811279297, -1.2500001192092896, 2.4800000190734863, -0.40000009536743164, 1.571000099182129, 0.0]\n",
      "ef in world frame: [[-9.91834161e-02  7.34304356e-01  6.71535378e-01  9.67481881e-02]\n",
      " [ 9.95069157e-01  7.30884388e-02  6.70481418e-02 -1.08273715e-01]\n",
      " [ 1.52270194e-04  6.74874206e-01 -7.37932777e-01 -2.43948072e-01]\n",
      " [ 0.00000000e+00  0.00000000e+00  0.00000000e+00  1.00000000e+00]]\n",
      "Joint: [0.09920787811279297, -1.2500001192092896, 2.4800000190734863, -0.40000009536743164, 1.571000099182129, 0.0]\n",
      "ef in world frame: [[-9.91834161e-02  7.34304356e-01  6.71535378e-01  9.67481881e-02]\n",
      " [ 9.95069157e-01  7.30884388e-02  6.70481418e-02 -1.08273715e-01]\n",
      " [ 1.52270194e-04  6.74874206e-01 -7.37932777e-01 -2.43948072e-01]\n",
      " [ 0.00000000e+00  0.00000000e+00  0.00000000e+00  1.00000000e+00]]\n",
      "Joint: [0.09920787811279297, -1.2500001192092896, 2.4800000190734863, -0.40000009536743164, 1.571000099182129, 0.0]\n",
      "ef in world frame: [[-9.91834161e-02  7.34304356e-01  6.71535378e-01  9.67481881e-02]\n",
      " [ 9.95069157e-01  7.30884388e-02  6.70481418e-02 -1.08273715e-01]\n",
      " [ 1.52270194e-04  6.74874206e-01 -7.37932777e-01 -2.43948072e-01]\n",
      " [ 0.00000000e+00  0.00000000e+00  0.00000000e+00  1.00000000e+00]]\n",
      "Joint: [0.09920787811279297, -1.2500001192092896, 2.4800000190734863, -0.40000009536743164, 1.571000099182129, 0.0]\n",
      "ef in world frame: [[-9.91834161e-02  7.34304356e-01  6.71535378e-01  9.67481881e-02]\n",
      " [ 9.95069157e-01  7.30884388e-02  6.70481418e-02 -1.08273715e-01]\n",
      " [ 1.52270194e-04  6.74874206e-01 -7.37932777e-01 -2.43948072e-01]\n",
      " [ 0.00000000e+00  0.00000000e+00  0.00000000e+00  1.00000000e+00]]\n",
      "Joint: [0.09920787811279297, -1.2500001192092896, 2.4800000190734863, -0.40000009536743164, 1.571000099182129, 0.0]\n",
      "ef in world frame: [[-9.91834161e-02  7.34304356e-01  6.71535378e-01  9.67481881e-02]\n",
      " [ 9.95069157e-01  7.30884388e-02  6.70481418e-02 -1.08273715e-01]\n",
      " [ 1.52270194e-04  6.74874206e-01 -7.37932777e-01 -2.43948072e-01]\n",
      " [ 0.00000000e+00  0.00000000e+00  0.00000000e+00  1.00000000e+00]]\n",
      "Joint: [0.09920787811279297, -1.2500001192092896, 2.4800000190734863, -0.40000009536743164, 1.571000099182129, 0.0]\n",
      "ef in world frame: [[-9.91834161e-02  7.34304356e-01  6.71535378e-01  9.67481881e-02]\n",
      " [ 9.95069157e-01  7.30884388e-02  6.70481418e-02 -1.08273715e-01]\n",
      " [ 1.52270194e-04  6.74874206e-01 -7.37932777e-01 -2.43948072e-01]\n",
      " [ 0.00000000e+00  0.00000000e+00  0.00000000e+00  1.00000000e+00]]\n",
      "Joint: [0.09920787811279297, -1.2500001192092896, 2.4800000190734863, -0.40000009536743164, 1.571000099182129, 0.0]\n",
      "ef in world frame: [[-9.91834161e-02  7.34304356e-01  6.71535378e-01  9.67481881e-02]\n",
      " [ 9.95069157e-01  7.30884388e-02  6.70481418e-02 -1.08273715e-01]\n",
      " [ 1.52270194e-04  6.74874206e-01 -7.37932777e-01 -2.43948072e-01]\n",
      " [ 0.00000000e+00  0.00000000e+00  0.00000000e+00  1.00000000e+00]]\n",
      "Joint: [0.09920787811279297, -1.2500001192092896, 2.4800000190734863, -0.40000009536743164, 1.571000099182129, 0.0]\n",
      "ef in world frame: [[-9.91834161e-02  7.34304356e-01  6.71535378e-01  9.67481881e-02]\n",
      " [ 9.95069157e-01  7.30884388e-02  6.70481418e-02 -1.08273715e-01]\n",
      " [ 1.52270194e-04  6.74874206e-01 -7.37932777e-01 -2.43948072e-01]\n",
      " [ 0.00000000e+00  0.00000000e+00  0.00000000e+00  1.00000000e+00]]\n",
      "Joint: [0.09920787811279297, -1.2500001192092896, 2.4800000190734863, -0.40000009536743164, 1.571000099182129, 0.0]\n",
      "ef in world frame: [[-9.91834161e-02  7.34304356e-01  6.71535378e-01  9.67481881e-02]\n",
      " [ 9.95069157e-01  7.30884388e-02  6.70481418e-02 -1.08273715e-01]\n",
      " [ 1.52270194e-04  6.74874206e-01 -7.37932777e-01 -2.43948072e-01]\n",
      " [ 0.00000000e+00  0.00000000e+00  0.00000000e+00  1.00000000e+00]]\n",
      "Joint: [0.09920787811279297, -1.2500001192092896, 2.4800000190734863, -0.40000009536743164, 1.571000099182129, 0.0]\n",
      "ef in world frame: [[-9.91834161e-02  7.34304356e-01  6.71535378e-01  9.67481881e-02]\n",
      " [ 9.95069157e-01  7.30884388e-02  6.70481418e-02 -1.08273715e-01]\n",
      " [ 1.52270194e-04  6.74874206e-01 -7.37932777e-01 -2.43948072e-01]\n",
      " [ 0.00000000e+00  0.00000000e+00  0.00000000e+00  1.00000000e+00]]\n",
      "Joint: [0.09920787811279297, -1.2500001192092896, 2.4800000190734863, -0.40000009536743164, 1.571000099182129, 0.0]\n",
      "ef in world frame: [[-9.91834161e-02  7.34304356e-01  6.71535378e-01  9.67481881e-02]\n",
      " [ 9.95069157e-01  7.30884388e-02  6.70481418e-02 -1.08273715e-01]\n",
      " [ 1.52270194e-04  6.74874206e-01 -7.37932777e-01 -2.43948072e-01]\n",
      " [ 0.00000000e+00  0.00000000e+00  0.00000000e+00  1.00000000e+00]]\n",
      "Joint: [0.09920787811279297, -1.2500001192092896, 2.4800000190734863, -0.40000009536743164, 1.571000099182129, 0.0]\n",
      "ef in world frame: [[-9.91834161e-02  7.34304356e-01  6.71535378e-01  9.67481881e-02]\n",
      " [ 9.95069157e-01  7.30884388e-02  6.70481418e-02 -1.08273715e-01]\n",
      " [ 1.52270194e-04  6.74874206e-01 -7.37932777e-01 -2.43948072e-01]\n",
      " [ 0.00000000e+00  0.00000000e+00  0.00000000e+00  1.00000000e+00]]\n",
      "Joint: [0.09920787811279297, -1.2500001192092896, 2.4800000190734863, -0.40000009536743164, 1.571000099182129, 0.0]\n",
      "ef in world frame: [[-9.91834161e-02  7.34304356e-01  6.71535378e-01  9.67481881e-02]\n",
      " [ 9.95069157e-01  7.30884388e-02  6.70481418e-02 -1.08273715e-01]\n",
      " [ 1.52270194e-04  6.74874206e-01 -7.37932777e-01 -2.43948072e-01]\n",
      " [ 0.00000000e+00  0.00000000e+00  0.00000000e+00  1.00000000e+00]]\n",
      "Joint: [0.09920787811279297, -1.2500001192092896, 2.4800000190734863, -0.40000009536743164, 1.571000099182129, 0.0]\n",
      "ef in world frame: [[-9.91834161e-02  7.34304356e-01  6.71535378e-01  9.67481881e-02]\n",
      " [ 9.95069157e-01  7.30884388e-02  6.70481418e-02 -1.08273715e-01]\n",
      " [ 1.52270194e-04  6.74874206e-01 -7.37932777e-01 -2.43948072e-01]\n",
      " [ 0.00000000e+00  0.00000000e+00  0.00000000e+00  1.00000000e+00]]\n",
      "Joint: [0.09920787811279297, -1.2500001192092896, 2.4800000190734863, -0.40000009536743164, 1.571000099182129, 0.0]\n",
      "ef in world frame: [[-9.91834161e-02  7.34304356e-01  6.71535378e-01  9.67481881e-02]\n",
      " [ 9.95069157e-01  7.30884388e-02  6.70481418e-02 -1.08273715e-01]\n",
      " [ 1.52270194e-04  6.74874206e-01 -7.37932777e-01 -2.43948072e-01]\n",
      " [ 0.00000000e+00  0.00000000e+00  0.00000000e+00  1.00000000e+00]]\n",
      "Joint: [0.09920787811279297, -1.2500001192092896, 2.4800000190734863, -0.40000009536743164, 1.571000099182129, 0.0]\n",
      "ef in world frame: [[-9.91834161e-02  7.34304356e-01  6.71535378e-01  9.67481881e-02]\n",
      " [ 9.95069157e-01  7.30884388e-02  6.70481418e-02 -1.08273715e-01]\n",
      " [ 1.52270194e-04  6.74874206e-01 -7.37932777e-01 -2.43948072e-01]\n",
      " [ 0.00000000e+00  0.00000000e+00  0.00000000e+00  1.00000000e+00]]\n",
      "Joint: [0.09920787811279297, -1.2500001192092896, 2.4800000190734863, -0.40000009536743164, 1.571000099182129, 0.0]\n",
      "ef in world frame: [[-9.91834161e-02  7.34304356e-01  6.71535378e-01  9.67481881e-02]\n",
      " [ 9.95069157e-01  7.30884388e-02  6.70481418e-02 -1.08273715e-01]\n",
      " [ 1.52270194e-04  6.74874206e-01 -7.37932777e-01 -2.43948072e-01]\n",
      " [ 0.00000000e+00  0.00000000e+00  0.00000000e+00  1.00000000e+00]]\n",
      "Joint: [0.09920787811279297, -1.2500001192092896, 2.4800000190734863, -0.40000009536743164, 1.571000099182129, 0.0]\n",
      "ef in world frame: [[-9.91834161e-02  7.34304356e-01  6.71535378e-01  9.67481881e-02]\n",
      " [ 9.95069157e-01  7.30884388e-02  6.70481418e-02 -1.08273715e-01]\n",
      " [ 1.52270194e-04  6.74874206e-01 -7.37932777e-01 -2.43948072e-01]\n",
      " [ 0.00000000e+00  0.00000000e+00  0.00000000e+00  1.00000000e+00]]\n",
      "Joint: [0.09920787811279297, -1.2500001192092896, 2.4800000190734863, -0.40000009536743164, 1.571000099182129, 0.0]\n",
      "ef in world frame: [[-9.91834161e-02  7.34304356e-01  6.71535378e-01  9.67481881e-02]\n",
      " [ 9.95069157e-01  7.30884388e-02  6.70481418e-02 -1.08273715e-01]\n",
      " [ 1.52270194e-04  6.74874206e-01 -7.37932777e-01 -2.43948072e-01]\n",
      " [ 0.00000000e+00  0.00000000e+00  0.00000000e+00  1.00000000e+00]]\n",
      "Joint: [0.09920787811279297, -1.2500001192092896, 2.4800000190734863, -0.40000009536743164, 1.571000099182129, 0.0]\n",
      "ef in world frame: [[-9.91834161e-02  7.34304356e-01  6.71535378e-01  9.67481881e-02]\n",
      " [ 9.95069157e-01  7.30884388e-02  6.70481418e-02 -1.08273715e-01]\n",
      " [ 1.52270194e-04  6.74874206e-01 -7.37932777e-01 -2.43948072e-01]\n",
      " [ 0.00000000e+00  0.00000000e+00  0.00000000e+00  1.00000000e+00]]\n",
      "Joint: [0.09920787811279297, -1.2500001192092896, 2.4800000190734863, -0.40000009536743164, 1.571000099182129, 0.0]\n",
      "ef in world frame: [[-9.91834161e-02  7.34304356e-01  6.71535378e-01  9.67481881e-02]\n",
      " [ 9.95069157e-01  7.30884388e-02  6.70481418e-02 -1.08273715e-01]\n",
      " [ 1.52270194e-04  6.74874206e-01 -7.37932777e-01 -2.43948072e-01]\n",
      " [ 0.00000000e+00  0.00000000e+00  0.00000000e+00  1.00000000e+00]]\n",
      "Joint: [0.09920787811279297, -1.2500001192092896, 2.4800000190734863, -0.40000009536743164, 1.571000099182129, 0.0]\n",
      "ef in world frame: [[-9.91834161e-02  7.34304356e-01  6.71535378e-01  9.67481881e-02]\n",
      " [ 9.95069157e-01  7.30884388e-02  6.70481418e-02 -1.08273715e-01]\n",
      " [ 1.52270194e-04  6.74874206e-01 -7.37932777e-01 -2.43948072e-01]\n",
      " [ 0.00000000e+00  0.00000000e+00  0.00000000e+00  1.00000000e+00]]\n",
      "Joint: [0.09920787811279297, -1.2500001192092896, 2.4800000190734863, -0.40000009536743164, 1.571000099182129, 0.0]\n",
      "ef in world frame: [[-9.91834161e-02  7.34304356e-01  6.71535378e-01  9.67481881e-02]\n",
      " [ 9.95069157e-01  7.30884388e-02  6.70481418e-02 -1.08273715e-01]\n",
      " [ 1.52270194e-04  6.74874206e-01 -7.37932777e-01 -2.43948072e-01]\n",
      " [ 0.00000000e+00  0.00000000e+00  0.00000000e+00  1.00000000e+00]]\n",
      "Joint: [0.09920787811279297, -1.2500001192092896, 2.4800000190734863, -0.40000009536743164, 1.571000099182129, 0.0]\n",
      "ef in world frame: [[-9.91834161e-02  7.34304356e-01  6.71535378e-01  9.67481881e-02]\n",
      " [ 9.95069157e-01  7.30884388e-02  6.70481418e-02 -1.08273715e-01]\n",
      " [ 1.52270194e-04  6.74874206e-01 -7.37932777e-01 -2.43948072e-01]\n",
      " [ 0.00000000e+00  0.00000000e+00  0.00000000e+00  1.00000000e+00]]\n",
      "Joint: [1.2401013374328613, -1.2500001192092896, 2.4800000190734863, -0.40000009536743164, 1.571000099182129, 0.0]\n",
      "ef in world frame: [[-0.92274244  0.28033163  0.26450061  0.11554463]\n",
      " [ 0.38535666  0.6832084   0.62026327  0.07690559]\n",
      " [-0.00682962  0.67427032 -0.73845304 -0.24404697]\n",
      " [ 0.          0.          0.          1.        ]]\n",
      "Joint: [1.2401013374328613, -0.7936649322509766, 2.4800000190734863, -0.40000009536743164, 1.571000099182129, 0.0]\n",
      "ef in world frame: [[-9.46195567e-01  3.11813698e-01  8.65226372e-02  1.43907472e-01]\n",
      " [ 3.23594775e-01  9.12247337e-01  2.51179652e-01  1.87730834e-01]\n",
      " [-6.08789148e-04  2.65663347e-01 -9.64065670e-01 -3.34790409e-01]\n",
      " [ 0.00000000e+00  0.00000000e+00  0.00000000e+00  1.00000000e+00]]\n",
      "Joint: [1.2401013374328613, -0.7936649322509766, 1.8518848419189453, -0.40000009536743164, 1.571000099182129, 0.0]\n",
      "ef in world frame: [[-0.9453498   0.19275272  0.26298317  0.13025808]\n",
      " [ 0.32602147  0.54673423  0.77122739  0.14898963]\n",
      " [ 0.00487427  0.81481782 -0.57969662  0.03056814]\n",
      " [ 0.          0.          0.          1.        ]]\n",
      "Joint: [1.587329387664795, -0.7936649322509766, 1.8849539756774902, -0.40000009536743164, 1.571000099182129, 0.0]\n",
      "ef in world frame: [[-0.99913973  0.02266158  0.03473102  0.08161277]\n",
      " [ 0.04119491  0.63872195  0.76833407  0.20862079]\n",
      " [-0.0047718   0.76910384 -0.63910602 -0.00510415]\n",
      " [ 0.          0.          0.          1.        ]]\n",
      "Joint: [1.587329387664795, -0.19841623306274414, 1.8849539756774902, -0.40000009536743164, 1.571000099182129, 0.0]\n",
      "ef in world frame: [[-9.99876941e-01 -1.55368766e-02 -2.16994130e-03  6.44366518e-02]\n",
      " [-1.56847801e-02  9.92740377e-01  1.19249871e-01  5.02020001e-01]\n",
      " [ 3.01417822e-04  1.19269231e-01 -9.92861904e-01 -2.90266573e-01]\n",
      " [ 0.00000000e+00  0.00000000e+00  0.00000000e+00  1.00000000e+00]]\n",
      "Joint: [1.587329387664795, -0.19841623306274414, 1.8849539756774902, -0.5621793270111084, 1.571000099182129, 0.0]\n",
      "ef in world frame: [[-9.99862198e-01 -1.62500353e-02 -3.39433656e-03  6.48104325e-02]\n",
      " [-1.66002016e-02  9.80379461e-01  1.96419312e-01  4.52728331e-01]\n",
      " [ 1.35917101e-04  1.96448591e-01 -9.80514116e-01 -2.22193852e-01]\n",
      " [ 0.00000000e+00  0.00000000e+00  0.00000000e+00  1.00000000e+00]]\n",
      "Joint: [1.587329387664795, -0.19841623306274414, 2.0833702087402344, -0.5621793270111084, 1.571000099182129, 0.0]\n",
      "ef in world frame: [[-9.99868592e-01 -1.58103728e-02 -3.58210760e-03  6.50706813e-02]\n",
      " [-1.62110715e-02  9.74834693e-01  2.22338756e-01  4.35300380e-01]\n",
      " [-2.32958524e-05  2.22367608e-01 -9.74962895e-01 -3.04093480e-01]\n",
      " [ 0.00000000e+00  0.00000000e+00  0.00000000e+00  1.00000000e+00]]\n",
      "Joint: [1.587329387664795, -0.19841623306274414, 2.0833702087402344, -0.5621793270111084, 1.6534686088562012, 0.0]\n",
      "ef in world frame: [[-0.99888914 -0.01901396 -0.04311565  0.06059474]\n",
      " [-0.02899417  0.96927126  0.2442797   0.43916225]\n",
      " [ 0.03714604  0.24525844 -0.96874582 -0.29503354]\n",
      " [ 0.          0.          0.          1.        ]]\n",
      "Joint: [1.587329387664795, -0.19841623306274414, 2.0833702087402344, -0.5621793270111084, 1.8188157081604004, 0.843268871307373]\n",
      "ef in world frame: [[-0.74272462  0.62398179 -0.24291328  0.03783903]\n",
      " [ 0.58177663  0.7809561   0.22725211  0.43751359]\n",
      " [ 0.33150578  0.02746447 -0.94305335 -0.29261065]\n",
      " [ 0.          0.          0.          1.        ]]\n",
      "Joint: [1.587329387664795, -0.19841623306274414, 2.0833702087402344, -0.8598036766052246, 1.8188157081604004, 0.843268871307373]\n",
      "ef in world frame: [[-0.66958649  0.69835167 -0.25290093  0.03694975]\n",
      " [ 0.62102669  0.71318213  0.3251109   0.44530514]\n",
      " [ 0.40740617  0.06063164 -0.91123214 -0.27833697]\n",
      " [ 0.          0.          0.          1.        ]]\n",
      "Joint: [1.587329387664795, 0.16534686088562012, 2.0833702087402344, -1.0582199096679688, 1.8188157081604004, 0.843268871307373]\n",
      "ef in world frame: [[-0.64771797  0.71841308 -0.25366135  0.0364415 ]\n",
      " [ 0.52045629  0.66037448  0.5413232   0.4966957 ]\n",
      " [ 0.55640515  0.21860512 -0.80163902 -0.28981835]\n",
      " [ 0.          0.          0.          1.        ]]\n",
      "Joint: [1.587329387664795, -0.09920811653137207, 2.0833702087402344, -1.0582199096679688, 1.8188157081604004, 0.843268871307373]\n",
      "ef in world frame: [[-0.66291053  0.70373636 -0.25554797  0.03569366]\n",
      " [ 0.56545621  0.69431247  0.44518475  0.51721382]\n",
      " [ 0.49072284  0.15061648 -0.85819914 -0.34599116]\n",
      " [ 0.          0.          0.          1.        ]]\n",
      "Joint: [1.587329387664795, -0.36376309394836426, 2.0833702087402344, -1.0582199096679688, 1.8188157081604004, 0.843268871307373]\n",
      "ef in world frame: [[-0.65807333  0.70661836 -0.26005766  0.03748158]\n",
      " [ 0.3239849   0.57750914  0.74934437  0.4119111 ]\n",
      " [ 0.67968616  0.40886879 -0.60897704 -0.15434134]\n",
      " [ 0.          0.          0.          1.        ]]\n",
      "Joint: [1.587329387664795, -0.36376309394836426, 2.0833702087402344, -1.0582199096679688, 1.8188157081604004, 0.843268871307373]\n",
      "ef in world frame: [[-0.65029039  0.7144826  -0.25814147  0.03779283]\n",
      " [ 0.31910765  0.56527126  0.76068305  0.40751263]\n",
      " [ 0.68941476  0.41228996 -0.59558733 -0.14864855]\n",
      " [ 0.          0.          0.          1.        ]]\n",
      "Joint: [1.587329387664795, -0.36376309394836426, 2.0833702087402344, -1.0582199096679688, 1.8188157081604004, 0.843268871307373]\n",
      "ef in world frame: [[-0.65004988  0.71471789 -0.25809589  0.03779893]\n",
      " [ 0.3191741   0.56504133  0.76082599  0.40749043]\n",
      " [ 0.68961079  0.41219733 -0.59542449 -0.14860587]\n",
      " [ 0.          0.          0.          1.        ]]\n",
      "Joint: [1.587329387664795, -0.36376309394836426, 2.0833702087402344, -1.0582199096679688, 1.8188157081604004, 0.843268871307373]\n",
      "ef in world frame: [[-0.65004339  0.71472407 -0.25809512  0.03779903]\n",
      " [ 0.31917637  0.56503591  0.76082906  0.40749022]\n",
      " [ 0.68961586  0.41219404 -0.5954209  -0.14860518]\n",
      " [ 0.          0.          0.          1.        ]]\n",
      "Joint: [1.587329387664795, -0.36376309394836426, 2.0833702087402344, -1.0582199096679688, 1.8188157081604004, 0.843268871307373]\n",
      "ef in world frame: [[-0.65004321  0.71472426 -0.25809506  0.03779903]\n",
      " [ 0.31917652  0.56503576  0.76082911  0.40749022]\n",
      " [ 0.68961596  0.41219392 -0.59542086 -0.14860517]\n",
      " [ 0.          0.          0.          1.        ]]\n",
      "Joint: [1.587329387664795, -0.36376309394836426, 2.0833702087402344, -1.0582199096679688, 1.8188157081604004, 0.843268871307373]\n",
      "ef in world frame: [[-0.65004321  0.71472426 -0.25809506  0.03779903]\n",
      " [ 0.31917652  0.56503576  0.76082911  0.40749022]\n",
      " [ 0.68961596  0.41219392 -0.59542086 -0.14860517]\n",
      " [ 0.          0.          0.          1.        ]]\n",
      "Joint: [1.587329387664795, -0.36376309394836426, 2.0833702087402344, -1.0582199096679688, 1.8188157081604004, 0.843268871307373]\n",
      "ef in world frame: [[-0.65004321  0.71472426 -0.25809506  0.03779903]\n",
      " [ 0.31917652  0.56503576  0.76082911  0.40749022]\n",
      " [ 0.68961596  0.41219392 -0.59542086 -0.14860517]\n",
      " [ 0.          0.          0.          1.        ]]\n",
      "Joint: [1.587329387664795, -0.36376309394836426, 2.0833702087402344, -1.0582199096679688, 1.8188157081604004, 0.843268871307373]\n",
      "ef in world frame: [[-0.65004321  0.71472426 -0.25809506  0.03779903]\n",
      " [ 0.31917652  0.56503576  0.76082911  0.40749022]\n",
      " [ 0.68961596  0.41219392 -0.59542086 -0.14860517]\n",
      " [ 0.          0.          0.          1.        ]]\n",
      "Joint: [1.587329387664795, -0.36376309394836426, 2.0833702087402344, -1.0582199096679688, 1.8188157081604004, 0.843268871307373]\n",
      "ef in world frame: [[-0.65004321  0.71472426 -0.25809506  0.03779903]\n",
      " [ 0.31917652  0.56503576  0.76082911  0.40749022]\n",
      " [ 0.68961596  0.41219392 -0.59542086 -0.14860517]\n",
      " [ 0.          0.          0.          1.        ]]\n",
      "Joint: [1.587329387664795, -0.36376309394836426, 2.0833702087402344, -1.0582199096679688, 1.8188157081604004, 0.843268871307373]\n",
      "ef in world frame: [[-0.65004321  0.71472426 -0.25809506  0.03779903]\n",
      " [ 0.31917652  0.56503576  0.76082911  0.40749022]\n",
      " [ 0.68961596  0.41219392 -0.59542086 -0.14860517]\n",
      " [ 0.          0.          0.          1.        ]]\n",
      "Joint: [1.587329387664795, -0.36376309394836426, 2.0833702087402344, -1.0582199096679688, 1.8188157081604004, 0.843268871307373]\n",
      "ef in world frame: [[-0.65004321  0.71472426 -0.25809506  0.03779903]\n",
      " [ 0.31917652  0.56503576  0.76082911  0.40749022]\n",
      " [ 0.68961596  0.41219392 -0.59542086 -0.14860517]\n",
      " [ 0.          0.          0.          1.        ]]\n",
      "Joint: [1.587329387664795, -0.36376309394836426, 2.0833702087402344, -1.0582199096679688, 1.8188157081604004, 0.843268871307373]\n",
      "ef in world frame: [[-0.65004321  0.71472426 -0.25809506  0.03779903]\n",
      " [ 0.31917652  0.56503576  0.76082911  0.40749022]\n",
      " [ 0.68961596  0.41219392 -0.59542086 -0.14860517]\n",
      " [ 0.          0.          0.          1.        ]]\n",
      "Joint: [1.587329387664795, -0.36376309394836426, 2.0833702087402344, -1.0582199096679688, 1.8188157081604004, 0.843268871307373]\n",
      "ef in world frame: [[-0.65004321  0.71472426 -0.25809506  0.03779903]\n",
      " [ 0.31917652  0.56503576  0.76082911  0.40749022]\n",
      " [ 0.68961596  0.41219392 -0.59542086 -0.14860517]\n",
      " [ 0.          0.          0.          1.        ]]\n",
      "Joint: [1.587329387664795, -0.36376309394836426, 2.0833702087402344, -1.0582199096679688, 1.8188157081604004, 0.843268871307373]\n",
      "ef in world frame: [[-0.65004321  0.71472426 -0.25809506  0.03779903]\n",
      " [ 0.31917652  0.56503576  0.76082911  0.40749022]\n",
      " [ 0.68961596  0.41219392 -0.59542086 -0.14860517]\n",
      " [ 0.          0.          0.          1.        ]]\n",
      "Joint: [1.587329387664795, -0.36376309394836426, 2.0833702087402344, -1.0582199096679688, 1.8188157081604004, 0.843268871307373]\n",
      "ef in world frame: [[-0.65004321  0.71472426 -0.25809506  0.03779903]\n",
      " [ 0.31917652  0.56503576  0.76082911  0.40749022]\n",
      " [ 0.68961596  0.41219392 -0.59542086 -0.14860517]\n",
      " [ 0.          0.          0.          1.        ]]\n",
